d .009

p 75 100 0 7 3 0
p 75 175 0 7 3 1
s 0 1 2 2 .1 1.0 0.0 0.0

p 250 175 0 7 3 0
s 1 2 2 2 .1 0.0 1.0 0.0

p 250 250 0 2 3 1
s 2 3 2 2 .1 1.0 0.0 0.0

p  400 250 0 2 3 0
s 3 4 2 2 .1 1.0 0.0 0.0

p 475 175 0 2 3 1
s 4 5 2 2 .1 0.0 0.0 0.0

p 575 175 0 2 3 1
s 5 6 2 2 .1 1.0 0.0 0.0

p 575 100 0 2 3 0
s 6 7 2 2 .1 1.0 0.0 0.0

p 490 100 0 2 3 0
s 7 8 2 2 .1 1.0 0.0 0.0

p 490 130 0 2 3 0
s 8 9 2 2 .1 1.0 1.0 0.0

p 420 130 0 2 3 0
s 9 10 2 2 .1 1.0 1.0 0.0

p 420 100 0 2 3 0
s 10 11 2 2 .1 1.0 0.0 0.0

p 225 100 0 2 3 0
s 11 12 2 2 .1 1.0 0.0 0.0

p 225 130 0 2 3 0
s 12 13 2 2 .1 1.0 0.0 0.0

p 155 130 0 2 3 0
s 13 14 2 2 .1 1.0 0.0 0.0

p 155 100 0 2 3 0
s 14 15 2 2 .1 1.0 0.0 0.0

s 15 0 2 2 .1 1.0 0.0 0.0




wheels
p 455 100 0 2 30 1
p 190 100 0 2 30 1
s 16 8 2 2 .1 1.0 0.0 0.0
s 17 13 2 2 .1 1.0 0.0 0.0








#p 100 200 25 -24 23 0
#p 200 200 -10 40 20 1
#p 300 100 -30 -25 17 0
#p 200 400 50 -50 23 0



